idxcell,idycell,idzcell,Tref
1,1,1,300.0
1,2,1,300.0
1,3,1,300.0
1,4,1,300.0
1,5,1,300.0
1,6,1,300.0
1,7,1,300.0
1,8,1,300.0
1,9,1,300.0
1,10,1,300.0
1,11,1,300.0
1,12,1,300.0
1,13,1,300.0
1,14,1,300.0
1,15,1,300.0
1,16,1,300.0
1,17,1,300.0
1,18,1,300.0
1,19,1,300.0
1,20,1,300.0
1,21,1,300.0
1,22,1,300.0
1,23,1,300.0
1,24,1,300.0
1,25,1,300.0
1,26,1,300.0
1,27,1,300.0
1,28,1,300.0
1,29,1,300.0
1,30,1,300.0
1,31,1,300.0
1,32,1,300.0
1,33,1,300.0
1,34,1,300.0
1,35,1,300.0
1,36,1,300.0
1,37,1,300.0
1,38,1,300.0
1,39,1,300.0
1,40,1,300.0
1,41,1,300.0
1,42,1,300.0
1,43,1,300.0
1,44,1,300.0
1,45,1,300.0
1,46,1,300.0
1,47,1,300.0
1,48,1,300.0
1,49,1,300.0
1,50,1,300.0
1,51,1,300.0
1,52,1,300.0
1,53,1,300.0
1,54,1,300.0
1,55,1,300.0
1,56,1,300.0
1,57,1,300.0
1,58,1,300.0
1,59,1,300.0
1,60,1,300.0
1,61,1,300.0
1,62,1,300.0
1,63,1,300.0
1,64,1,300.0
1,65,1,300.0
1,66,1,300.0
1,67,1,300.0
1,68,1,300.0
1,69,1,300.0
1,70,1,300.0
1,71,1,300.0
1,72,1,300.0
1,73,1,300.0
1,74,1,300.0
1,75,1,300.0
1,76,1,300.0
1,77,1,300.0
1,78,1,300.0
1,79,1,300.0
1,80,1,300.0
1,81,1,300.0
1,82,1,300.0
1,83,1,300.0
1,84,1,300.0
1,85,1,300.0
1,86,1,300.0
1,87,1,300.0
1,88,1,300.0
1,89,1,300.0
1,90,1,300.0
1,91,1,300.0
1,92,1,300.0
1,93,1,300.0
1,94,1,300.0
1,95,1,300.0
1,96,1,300.0
1,97,1,300.0
1,98,1,300.0
1,99,1,300.0
1,100,1,300.0
1,101,1,300.0
1,102,1,300.0
1,103,1,300.0
1,104,1,300.0
1,105,1,300.0
1,106,1,300.0
1,107,1,300.0
1,108,1,300.0
1,109,1,300.0
1,110,1,300.0
1,111,1,300.0
1,112,1,300.0
1,113,1,300.0
1,114,1,300.0
1,115,1,300.0
1,116,1,300.0
1,117,1,300.0
1,118,1,300.0
1,119,1,300.0
1,120,1,300.0
1,121,1,300.0
1,122,1,300.0
1,123,1,300.0
1,124,1,300.0
1,125,1,300.0
1,126,1,300.0
1,127,1,300.0
1,128,1,300.0
1,129,1,300.0
1,130,1,300.0
1,131,1,300.0
1,132,1,300.0
1,133,1,300.0
1,134,1,300.0
1,135,1,300.0
1,136,1,300.0
1,137,1,300.0
1,138,1,300.0
1,139,1,300.0
1,140,1,300.0
1,141,1,300.0
1,142,1,300.0
1,143,1,300.0
1,144,1,300.0
1,145,1,300.0
1,146,1,300.0
1,147,1,300.0
1,148,1,300.0
1,149,1,300.0
1,150,1,300.0
1,151,1,300.0
1,152,1,300.0
1,153,1,300.0
1,154,1,300.0
1,155,1,300.0
1,156,1,300.0
1,157,1,300.0
1,158,1,300.0
1,159,1,300.0
1,160,1,300.0
1,161,1,300.0
1,162,1,300.0
1,163,1,300.0
1,164,1,300.0
1,165,1,300.0
1,166,1,300.0
1,167,1,300.0
1,168,1,300.0
1,169,1,300.0
1,170,1,300.0
1,171,1,300.0
1,172,1,300.0
1,173,1,300.0
1,174,1,300.0
1,175,1,300.0
1,176,1,300.0
1,177,1,300.0
1,178,1,300.0
1,179,1,300.0
1,180,1,300.0
1,181,1,300.0
1,182,1,300.0
1,183,1,300.0
1,184,1,300.0
1,185,1,300.0
1,186,1,300.0
1,187,1,300.0
1,188,1,300.0
1,189,1,300.0
1,190,1,300.0
1,191,1,300.0
1,192,1,300.0
1,193,1,300.0
1,194,1,300.0
1,195,1,300.0
1,196,1,300.0
1,197,1,300.0
1,198,1,300.0
1,199,1,300.0
1,200,1,300.0
1,201,1,300.0
1,202,1,300.0
1,203,1,300.0
1,204,1,300.0
1,205,1,300.0
1,206,1,300.0
1,207,1,300.0
1,208,1,300.0
1,209,1,300.0
1,210,1,300.0
1,211,1,300.0
1,212,1,300.0
1,213,1,300.0
1,214,1,300.0
1,215,1,300.0
1,216,1,300.0
1,217,1,300.0
1,218,1,300.0
1,219,1,300.0
1,220,1,300.0
1,221,1,300.0
1,222,1,300.0
1,223,1,300.0
1,224,1,300.0
1,225,1,300.0
1,226,1,300.0
1,227,1,300.0
1,228,1,300.0
1,229,1,300.0
1,230,1,300.0
1,231,1,300.0
1,232,1,300.0
1,233,1,300.0
1,234,1,300.0
1,235,1,300.0
1,236,1,300.0
1,237,1,300.0
1,238,1,300.0
1,239,1,300.0
1,240,1,300.0
1,241,1,300.0
1,242,1,300.0
1,243,1,300.0
1,244,1,300.0
1,245,1,300.0
1,246,1,300.0
1,247,1,300.0
1,248,1,300.0
1,249,1,300.0
1,250,1,300.0
1,251,1,300.0
1,252,1,300.0
1,253,1,300.0
1,254,1,300.0
1,255,1,300.0
1,256,1,300.0
1,257,1,300.0
1,258,1,300.0
1,259,1,300.0
1,260,1,300.0
1,261,1,300.0
1,262,1,300.0
1,263,1,300.0
1,264,1,300.0
1,265,1,300.0
1,266,1,300.0
1,267,1,300.0
1,268,1,300.0
1,269,1,300.0
1,270,1,300.0
1,271,1,300.0
1,272,1,300.0
1,273,1,300.0
1,274,1,300.0
1,275,1,300.0
1,276,1,300.0
1,277,1,300.0
1,278,1,300.0
1,279,1,300.0
1,280,1,300.0
1,281,1,300.0
1,282,1,300.0
1,283,1,300.0
1,284,1,300.0
1,285,1,300.0
1,286,1,300.0
1,287,1,300.0
1,288,1,300.0
1,289,1,300.0
1,290,1,300.0
1,291,1,300.0
1,292,1,300.0
1,293,1,300.0
1,294,1,300.0
1,295,1,300.0
1,296,1,300.0
1,297,1,300.0
1,298,1,300.0
1,299,1,300.0
1,300,1,300.0
1,301,1,300.0
1,302,1,300.0
1,303,1,300.0
1,304,1,300.0
1,305,1,300.0
1,306,1,300.0
1,307,1,300.0
1,308,1,300.0
1,309,1,300.0
1,310,1,300.0
1,311,1,300.0
1,312,1,300.0
1,313,1,300.0
1,314,1,300.0
1,315,1,300.0
1,316,1,300.0
1,317,1,300.0
1,318,1,300.0
1,319,1,300.0
1,320,1,300.0
1,321,1,300.0
1,322,1,300.0
1,323,1,300.0
1,324,1,300.0
1,325,1,300.0
1,326,1,300.0
1,327,1,300.0
1,328,1,300.0
1,329,1,300.0
1,330,1,300.0
1,331,1,300.0
1,332,1,300.0
1,333,1,300.0
1,334,1,300.0
1,335,1,300.0
1,336,1,300.0
1,337,1,300.0
1,338,1,300.0
1,339,1,300.0
1,340,1,300.0
1,341,1,300.0
1,342,1,300.0
1,343,1,300.0
1,344,1,300.0
1,345,1,300.0
1,346,1,300.0
1,347,1,300.0
1,348,1,300.0
1,349,1,300.0
1,350,1,300.0
1,351,1,300.0
1,352,1,300.0
1,353,1,300.0
1,354,1,300.0
1,355,1,300.0
1,356,1,300.0
1,357,1,300.0
1,358,1,300.0
1,359,1,300.0
1,360,1,300.0
1,361,1,300.0
1,362,1,300.0
1,363,1,300.0
1,364,1,300.0
1,365,1,300.0
1,366,1,300.0
1,367,1,300.0
1,368,1,300.0
1,369,1,300.0
1,370,1,300.0
1,371,1,300.0
1,372,1,300.0
1,373,1,300.0
1,374,1,300.0
1,375,1,300.0
1,376,1,300.0
1,377,1,300.0
1,378,1,300.0
1,379,1,300.0
1,380,1,300.0
1,381,1,300.0
1,382,1,300.0
1,383,1,300.0
1,384,1,300.0
1,385,1,300.0
1,386,1,300.0
1,387,1,300.0
1,388,1,300.0
1,389,1,300.0
1,390,1,300.0
1,391,1,300.0
1,392,1,300.0
1,393,1,300.0
1,394,1,300.0
1,395,1,300.0
1,396,1,300.0
1,397,1,300.0
1,398,1,300.0
1,399,1,300.0
1,400,1,300.0
1,401,1,300.0
1,402,1,300.0
1,403,1,300.0
1,404,1,300.0
1,405,1,300.0
1,406,1,300.0
1,407,1,300.0
1,408,1,300.0
1,409,1,300.0
1,410,1,300.0
1,411,1,300.0
1,412,1,300.0
1,413,1,300.0
1,414,1,300.0
1,415,1,300.0
1,416,1,300.0
1,417,1,300.0
1,418,1,300.0
1,419,1,300.0
1,420,1,300.0
1,421,1,300.0
1,422,1,300.0
1,423,1,300.0
1,424,1,300.0
1,425,1,300.0
1,426,1,300.0
1,427,1,300.0
1,428,1,300.0
1,429,1,300.0
1,430,1,300.0
1,431,1,300.0
1,432,1,300.0
1,433,1,300.0
1,434,1,300.0
1,435,1,300.0
1,436,1,300.0
1,437,1,300.0
1,438,1,300.0
1,439,1,300.0
1,440,1,300.0
1,441,1,300.0
1,442,1,300.0
1,443,1,300.0
1,444,1,300.0
1,445,1,300.0
1,446,1,300.0
1,447,1,300.0
1,448,1,300.0
1,449,1,300.0
1,450,1,300.0
1,451,1,300.0
1,452,1,300.0
1,453,1,300.0
1,454,1,300.0
1,455,1,300.0
1,456,1,300.0
1,457,1,300.0
1,458,1,300.0
1,459,1,300.0
1,460,1,300.0
1,461,1,300.0
1,462,1,300.0
1,463,1,300.0
1,464,1,300.0
1,465,1,300.0
1,466,1,300.0
1,467,1,300.0
1,468,1,300.0
1,469,1,300.0
1,470,1,300.0
1,471,1,300.0
1,472,1,300.0
1,473,1,300.0
1,474,1,300.0
1,475,1,300.0
1,476,1,300.0
1,477,1,300.0
1,478,1,300.0
1,479,1,300.0
1,480,1,300.0
1,481,1,300.0
1,482,1,300.0
1,483,1,300.0
1,484,1,300.0
1,485,1,300.0
1,486,1,300.0
1,487,1,300.0
1,488,1,300.0
1,489,1,300.0
1,490,1,300.0
1,491,1,300.0
1,492,1,300.0
1,493,1,300.0
1,494,1,300.0
1,495,1,300.0
1,496,1,300.0
1,497,1,300.0
1,498,1,300.0
1,499,1,300.0
1,500,1,300.0
1,501,1,300.0
1,502,1,300.0
1,503,1,300.0
1,504,1,300.0
1,505,1,300.0
1,506,1,300.0
1,507,1,300.0
1,508,1,300.0
1,509,1,300.0
1,510,1,300.0
1,511,1,300.0
1,512,1,300.0
1,513,1,300.0
1,514,1,300.0
1,515,1,300.0
1,516,1,300.0
1,517,1,300.0
1,518,1,300.0
1,519,1,300.0
1,520,1,300.0
1,521,1,300.0
1,522,1,300.0
1,523,1,300.0
1,524,1,300.0
1,525,1,300.0
1,526,1,300.0
1,527,1,300.0
1,528,1,300.0
1,529,1,300.0
1,530,1,300.0
1,531,1,300.0
1,532,1,300.0
1,533,1,300.0
1,534,1,300.0
1,535,1,300.0
1,536,1,300.0
1,537,1,300.0
1,538,1,300.0
1,539,1,300.0
1,540,1,300.0
1,541,1,300.0
1,542,1,300.0
1,543,1,300.0
1,544,1,300.0
1,545,1,300.0
1,546,1,300.0
1,547,1,300.0
1,548,1,300.0
1,549,1,300.0
1,550,1,300.0
1,551,1,300.0
1,552,1,300.0
1,553,1,300.0
1,554,1,300.0
1,555,1,300.0
1,556,1,300.0
1,557,1,300.0
1,558,1,300.0
1,559,1,300.0
1,560,1,300.0
1,561,1,300.0
1,562,1,300.0
1,563,1,300.0
1,564,1,300.0
1,565,1,300.0
1,566,1,300.0
1,567,1,300.0
1,568,1,300.0
1,569,1,300.0
1,570,1,300.0
1,571,1,300.0
1,572,1,300.0
1,573,1,300.0
1,574,1,300.0
1,575,1,300.0
1,576,1,300.0
1,577,1,300.0
1,578,1,300.0
1,579,1,300.0
1,580,1,300.0
